DEFAULT		1;2;3;4		26;2;7;25;20;18;22;24;6
gray		1;2;3;4		1;2;3;4
ir_upc          1;2;3;4         1;2;3;4
ir_upc2         1;2;3;4         1;2;3;4
vis_upc         1;2;3;4         1;2;3;4
wv_upc          1;2;3;4         1;2;3;4
wv_upc2         1;2;3;4         1;2;3;4
sabir		1;2;3;4		1;2;3;4
roygbv		1;2;3;4		1;2;3;4
nmcir		1;2;3;4		1;2;3;4
colormb		1;2;3;4		1;2;3;4
watvap		1;2;3;4		1;2;3;4
visgray		1;2;3;4		1;2;3;4
wvgray		1;2;3;4		1;2;3;4
wvjl2		1;2;3;4		1;2;3;4
rams_vis	1;2;3;4		1;2;3;4
rams_ir		1;2;3;4		1;2;3;4
rams_ir2	1;2;3;4		1;2;3;4
rams_wv		1;2;3;4		1;2;3;4
rams_wvx	1;2;3;4		1;2;3;4
rams_wv8	1;2;3;4		1;2;3;4
rams_fog	1;2;3;4		1;2;3;4
rams_fog2	1;2;3;4		1;2;3;4
upc_topo        1;2;3;4         1;2;3;4
upc_comp        1;2;3;4         1;2;3;4
coldlut		1;2;3;4		1;2;3;4
topolut		1;2;3;4		1;2;3;4
snd_li		1;2;3;4		1;2;3;4
snd_pwin	1;2;3;4		1;2;3;4
mdr             1;2;3;4         1;2;3;4
ir_drgb         1;2;3;4         1;2;3;4
ir_grb		1;2;3;4         1;2;3;4
ir_nmc		1;2;3;4         1;2;3;4
ir_rgbv		1;2;3;4         1;2;3;4
ir_sab		1;2;3;4         1;2;3;4
ir_tpc		1;2;3;4         1;2;3;4
ir_tv1		1;2;3;4         1;2;3;4
cape_upc	1;2;3;4         1;2;3;4
ctp_upc		1;2;3;4         1;2;3;4
li_upc		1;2;3;4         1;2;3;4
ozone_upc	1;2;3;4         1;2;3;4
pw_upc		1;2;3;4         1;2;3;4
sst_upc		1;2;3;4         1;2;3;4
